-- phpMyAdmin SQL Dump
-- version 5.0.2
-- https://www.phpmyadmin.net/
--
-- Host: 127.0.0.1:3306
-- Generation Time: Apr 29, 2022 at 02:04 PM
-- Server version: 5.7.31
-- PHP Version: 7.3.21

SET SQL_MODE = "NO_AUTO_VALUE_ON_ZERO";
START TRANSACTION;
SET time_zone = "+00:00";


/*!40101 SET @OLD_CHARACTER_SET_CLIENT=@@CHARACTER_SET_CLIENT */;
/*!40101 SET @OLD_CHARACTER_SET_RESULTS=@@CHARACTER_SET_RESULTS */;
/*!40101 SET @OLD_COLLATION_CONNECTION=@@COLLATION_CONNECTION */;
/*!40101 SET NAMES utf8mb4 */;

--
-- Database: `sim`
--

-- --------------------------------------------------------

--
-- Table structure for table `exercises`
--

DROP TABLE IF EXISTS `exercises`;
CREATE TABLE IF NOT EXISTS `exercises` (
  `ID` int(11) NOT NULL AUTO_INCREMENT,
  `AFASIA` int(11) NOT NULL,
  `DIFFICULTY` int(11) NOT NULL,
  `N_DIF` int(11) DEFAULT NULL,
  `C_DIF` int(11) DEFAULT NULL,
  `F_DIF` int(11) DEFAULT NULL,
  `R_DIF` int(11) DEFAULT NULL,
  PRIMARY KEY (`ID`),
  KEY `AFASIA` (`AFASIA`)
) ENGINE=MyISAM AUTO_INCREMENT=193 DEFAULT CHARSET=utf8;

--
-- Dumping data for table `exercises`
--

INSERT INTO `exercises` (`ID`, `AFASIA`, `DIFFICULTY`, `N_DIF`, `C_DIF`, `F_DIF`, `R_DIF`) VALUES
(1, 1, 3, 1, 1, NULL, 1),
(2, 1, 4, 1, 2, NULL, 1),
(3, 1, 5, 1, 3, NULL, 1),
(4, 1, 4, 2, 1, NULL, 1),
(5, 1, 5, 2, 2, NULL, 1),
(6, 1, 6, 2, 3, NULL, 1),
(7, 1, 5, 3, 1, NULL, 1),
(8, 1, 6, 3, 2, NULL, 1),
(9, 1, 7, 3, 3, NULL, 1),
(10, 1, 4, 1, 1, NULL, 2),
(11, 1, 5, 1, 2, NULL, 2),
(12, 1, 6, 1, 3, NULL, 2),
(13, 1, 5, 2, 1, NULL, 2),
(14, 1, 6, 2, 2, NULL, 2),
(15, 1, 7, 2, 3, NULL, 2),
(16, 1, 6, 3, 1, NULL, 2),
(17, 1, 7, 3, 2, NULL, 2),
(18, 1, 8, 3, 3, NULL, 2),
(19, 1, 5, 1, 1, NULL, 3),
(20, 1, 6, 1, 2, NULL, 3),
(21, 1, 7, 1, 3, NULL, 3),
(22, 1, 6, 2, 1, NULL, 3),
(23, 1, 7, 2, 2, NULL, 3),
(24, 1, 8, 2, 3, NULL, 3),
(25, 1, 7, 3, 1, NULL, 3),
(26, 1, 8, 3, 2, NULL, 3),
(27, 1, 9, 3, 3, NULL, 3),
(28, 2, 2, 1, NULL, NULL, 1),
(29, 2, 3, 2, NULL, NULL, 1),
(30, 2, 4, 3, NULL, NULL, 1),
(31, 2, 3, 1, NULL, NULL, 2),
(32, 2, 4, 2, NULL, NULL, 2),
(33, 2, 5, 3, NULL, NULL, 2),
(34, 2, 4, 1, NULL, NULL, 3),
(35, 2, 5, 2, NULL, NULL, 3),
(36, 2, 6, 3, NULL, NULL, 3),
(37, 3, 2, 1, 1, NULL, NULL),
(38, 3, 3, 1, 2, NULL, NULL),
(39, 3, 4, 1, 3, NULL, NULL),
(40, 3, 3, 2, 1, NULL, NULL),
(41, 3, 4, 2, 2, NULL, NULL),
(42, 3, 5, 2, 3, NULL, NULL),
(43, 3, 4, 3, 1, NULL, NULL),
(44, 3, 5, 3, 2, NULL, NULL),
(45, 3, 6, 3, 3, NULL, NULL),
(46, 4, 1, 1, NULL, NULL, NULL),
(47, 4, 2, 2, NULL, NULL, NULL),
(48, 4, 3, 3, NULL, NULL, NULL),
(49, 5, 4, 1, 1, 1, 1),
(50, 5, 5, 1, 2, 1, 1),
(51, 5, 6, 1, 3, 1, 1),
(52, 5, 5, 1, 1, 2, 1),
(53, 5, 6, 1, 2, 2, 1),
(54, 5, 7, 1, 3, 2, 1),
(55, 5, 6, 1, 1, 3, 1),
(56, 5, 7, 1, 2, 3, 1),
(57, 5, 8, 1, 3, 3, 1),
(58, 5, 5, 2, 1, 1, 1),
(59, 5, 6, 2, 2, 1, 1),
(60, 5, 7, 2, 3, 1, 1),
(61, 5, 6, 2, 1, 2, 1),
(62, 5, 7, 2, 2, 2, 1),
(63, 5, 8, 2, 3, 2, 1),
(64, 5, 7, 2, 1, 3, 1),
(65, 5, 8, 2, 2, 3, 1),
(66, 5, 9, 2, 3, 3, 1),
(67, 5, 6, 3, 1, 1, 1),
(68, 5, 7, 3, 2, 1, 1),
(69, 5, 8, 3, 3, 1, 1),
(70, 5, 7, 3, 1, 2, 1),
(71, 5, 8, 3, 2, 2, 1),
(72, 5, 9, 3, 3, 2, 1),
(73, 5, 8, 3, 1, 3, 1),
(74, 5, 9, 3, 2, 3, 1),
(75, 5, 10, 3, 3, 3, 1),
(76, 5, 5, 1, 1, 1, 2),
(77, 5, 6, 1, 2, 1, 2),
(78, 5, 7, 1, 3, 1, 2),
(79, 5, 6, 1, 1, 2, 2),
(80, 5, 7, 1, 2, 2, 2),
(81, 5, 8, 1, 3, 2, 2),
(82, 5, 7, 1, 1, 3, 2),
(83, 5, 8, 1, 2, 3, 2),
(84, 5, 9, 1, 3, 3, 2),
(85, 5, 6, 2, 1, 1, 2),
(86, 5, 7, 2, 2, 1, 2),
(87, 5, 8, 2, 3, 1, 2),
(88, 5, 7, 2, 1, 2, 2),
(89, 5, 8, 2, 2, 2, 2),
(90, 5, 9, 2, 3, 2, 2),
(91, 5, 8, 2, 1, 3, 2),
(92, 5, 9, 2, 2, 3, 2),
(93, 5, 10, 2, 3, 3, 2),
(94, 5, 7, 3, 1, 1, 2),
(95, 5, 8, 3, 2, 1, 2),
(96, 5, 9, 3, 3, 1, 2),
(97, 5, 8, 3, 1, 2, 2),
(98, 5, 9, 3, 2, 2, 2),
(99, 5, 10, 3, 3, 2, 2),
(100, 5, 9, 3, 1, 3, 2),
(101, 5, 10, 3, 2, 3, 2),
(102, 5, 11, 3, 3, 3, 2),
(103, 5, 6, 1, 1, 1, 3),
(104, 5, 7, 1, 2, 1, 3),
(105, 5, 8, 1, 3, 1, 3),
(106, 5, 7, 1, 1, 2, 3),
(107, 5, 8, 1, 2, 2, 3),
(108, 5, 9, 1, 3, 2, 3),
(109, 5, 8, 1, 1, 3, 3),
(110, 5, 9, 1, 2, 3, 3),
(111, 5, 10, 1, 3, 3, 3),
(112, 5, 7, 2, 1, 1, 3),
(113, 5, 8, 2, 2, 1, 3),
(114, 5, 9, 2, 3, 1, 3),
(115, 5, 8, 2, 1, 2, 3),
(116, 5, 9, 2, 2, 2, 3),
(117, 5, 10, 2, 3, 2, 3),
(118, 5, 9, 2, 1, 3, 3),
(119, 5, 10, 2, 2, 3, 3),
(120, 5, 11, 2, 3, 3, 3),
(121, 5, 8, 3, 1, 1, 3),
(122, 5, 9, 3, 2, 1, 3),
(123, 5, 10, 3, 3, 1, 3),
(124, 5, 9, 3, 1, 2, 3),
(125, 5, 10, 3, 2, 2, 3),
(126, 5, 11, 3, 3, 2, 3),
(127, 5, 10, 3, 1, 3, 3),
(128, 5, 11, 3, 2, 3, 3),
(129, 5, 12, 3, 3, 3, 3),
(130, 6, 3, 1, NULL, 1, 1),
(131, 6, 4, 1, NULL, 2, 1),
(132, 6, 5, 1, NULL, 3, 1),
(133, 6, 4, 2, NULL, 1, 1),
(134, 6, 5, 2, NULL, 2, 1),
(135, 6, 6, 2, NULL, 3, 1),
(136, 6, 5, 3, NULL, 1, 1),
(137, 6, 6, 3, NULL, 2, 1),
(138, 6, 7, 3, NULL, 3, 1),
(139, 6, 4, 1, NULL, 1, 2),
(140, 6, 5, 1, NULL, 2, 2),
(141, 6, 6, 1, NULL, 3, 2),
(142, 6, 5, 2, NULL, 1, 2),
(143, 6, 6, 2, NULL, 2, 2),
(144, 6, 7, 2, NULL, 3, 2),
(145, 6, 6, 3, NULL, 1, 2),
(146, 6, 7, 3, NULL, 2, 2),
(147, 6, 8, 3, NULL, 3, 2),
(148, 6, 5, 1, NULL, 1, 3),
(149, 6, 6, 1, NULL, 2, 3),
(150, 6, 7, 1, NULL, 3, 3),
(151, 6, 6, 2, NULL, 1, 3),
(152, 6, 7, 2, NULL, 2, 3),
(153, 6, 8, 2, NULL, 3, 3),
(154, 6, 7, 3, NULL, 1, 3),
(155, 6, 8, 3, NULL, 2, 3),
(156, 6, 9, 3, NULL, 3, 3),
(157, 7, 3, 1, 1, 1, NULL),
(158, 7, 4, 1, 2, 1, NULL),
(159, 7, 5, 1, 3, 1, NULL),
(160, 7, 4, 1, 1, 2, NULL),
(161, 7, 5, 1, 2, 2, NULL),
(162, 7, 6, 1, 3, 2, NULL),
(163, 7, 5, 1, 1, 3, NULL),
(164, 7, 6, 1, 2, 3, NULL),
(165, 7, 7, 1, 3, 3, NULL),
(166, 7, 4, 2, 1, 1, NULL),
(167, 7, 5, 2, 2, 1, NULL),
(168, 7, 6, 2, 3, 1, NULL),
(169, 7, 5, 2, 1, 2, NULL),
(170, 7, 6, 2, 2, 2, NULL),
(171, 7, 7, 2, 3, 2, NULL),
(172, 7, 6, 2, 1, 3, NULL),
(173, 7, 7, 2, 2, 3, NULL),
(174, 7, 8, 2, 3, 3, NULL),
(175, 7, 5, 3, 1, 1, NULL),
(176, 7, 6, 3, 2, 1, NULL),
(177, 7, 7, 3, 3, 1, NULL),
(178, 7, 6, 3, 1, 2, NULL),
(179, 7, 7, 3, 2, 2, NULL),
(180, 7, 8, 3, 3, 2, NULL),
(181, 7, 7, 3, 1, 3, NULL),
(182, 7, 8, 3, 2, 3, NULL),
(183, 7, 9, 3, 3, 3, NULL),
(184, 8, 2, 1, NULL, 1, NULL),
(185, 8, 3, 1, NULL, 2, NULL),
(186, 8, 4, 1, NULL, 3, NULL),
(187, 8, 3, 2, NULL, 1, NULL),
(188, 8, 4, 2, NULL, 2, NULL),
(189, 8, 5, 2, NULL, 3, NULL),
(190, 8, 4, 3, NULL, 1, NULL),
(191, 8, 5, 3, NULL, 2, NULL),
(192, 8, 6, 3, NULL, 3, NULL);
COMMIT;

/*!40101 SET CHARACTER_SET_CLIENT=@OLD_CHARACTER_SET_CLIENT */;
/*!40101 SET CHARACTER_SET_RESULTS=@OLD_CHARACTER_SET_RESULTS */;
/*!40101 SET COLLATION_CONNECTION=@OLD_COLLATION_CONNECTION */;
